6.281640625000000000e+01
1.233984375000000000e+02
6.281640625000000000e+01
1.450546875000000000e+02
6.495703125000000000e+01
1.651640625000000000e+02
7.030859375000000000e+01
1.852734375000000000e+02
7.994140625000000000e+01
2.038359375000000000e+02
9.064453125000000000e+01
2.162109375000000000e+02
1.034882812500000000e+02
2.254921875000000000e+02
1.184726562500000000e+02
2.301328125000000000e+02
1.334570312500000000e+02
2.301328125000000000e+02
1.484414062500000000e+02
2.285859375000000000e+02
1.612851562500000000e+02
2.208515625000000000e+02
1.730585937500000000e+02
2.100234375000000000e+02
1.837617187500000000e+02
1.976484375000000000e+02
1.912539062500000000e+02
1.790859375000000000e+02
1.912539062500000000e+02
1.558828125000000000e+02
1.912539062500000000e+02
1.373203125000000000e+02
1.912539062500000000e+02
1.172109375000000000e+02
7.244921875000000000e+01
1.125703125000000000e+02
8.208203125000000000e+01
1.048359375000000000e+02
9.225000000000000000e+01
1.040625000000000000e+02
1.029531250000000000e+02
1.071562500000000000e+02
1.131210937500000000e+02
1.094765625000000000e+02
1.398789062500000000e+02
1.079296875000000000e+02
1.505820312500000000e+02
1.040625000000000000e+02
1.623554687500000000e+02
1.025156250000000000e+02
1.735937500000000000e+02
1.017421875000000000e+02
1.826914062500000000e+02
1.094765625000000000e+02
1.270351562500000000e+02
1.218515625000000000e+02
1.281054687500000000e+02
1.342265625000000000e+02
1.281054687500000000e+02
1.466015625000000000e+02
1.291757812500000000e+02
1.605234375000000000e+02
1.120507812500000000e+02
1.636171875000000000e+02
1.206132812500000000e+02
1.667109375000000000e+02
1.302460937500000000e+02
1.698046875000000000e+02
1.377382812500000000e+02
1.667109375000000000e+02
1.452304687500000000e+02
1.620703125000000000e+02
8.315234375000000000e+01
1.233984375000000000e+02
8.850390625000000000e+01
1.187578125000000000e+02
1.034882812500000000e+02
1.203046875000000000e+02
1.099101562500000000e+02
1.249453125000000000e+02
1.034882812500000000e+02
1.264921875000000000e+02
8.957421875000000000e+01
1.264921875000000000e+02
1.463007812500000000e+02
1.233984375000000000e+02
1.516523437500000000e+02
1.172109375000000000e+02
1.655664062500000000e+02
1.156640625000000000e+02
1.709179687500000000e+02
1.203046875000000000e+02
1.655664062500000000e+02
1.233984375000000000e+02
1.527226562500000000e+02
1.249453125000000000e+02
9.385546875000000000e+01
1.806328125000000000e+02
1.088398437500000000e+02
1.759921875000000000e+02
1.259648437500000000e+02
1.759921875000000000e+02
1.302460937500000000e+02
1.759921875000000000e+02
1.345273437500000000e+02
1.759921875000000000e+02
1.505820312500000000e+02
1.759921875000000000e+02
1.655664062500000000e+02
1.775390625000000000e+02
1.559335937500000000e+02
1.899140625000000000e+02
1.441601562500000000e+02
1.991953125000000000e+02
1.313164062500000000e+02
2.038359375000000000e+02
1.174023437500000000e+02
2.022890625000000000e+02
1.034882812500000000e+02
1.930078125000000000e+02
9.492578125000000000e+01
1.806328125000000000e+02
1.120507812500000000e+02
1.806328125000000000e+02
1.302460937500000000e+02
1.806328125000000000e+02
1.473710937500000000e+02
1.790859375000000000e+02
1.634257812500000000e+02
1.790859375000000000e+02
1.484414062500000000e+02
1.899140625000000000e+02
1.313164062500000000e+02
1.961015625000000000e+02
1.109804687500000000e+02
1.930078125000000000e+02
